Hand_Tracker1 5 (Data: ((-0.531735, 0.372633, 0.760528, 0.992139), (0.603827, 0.796476, 0.031929, 1.218969), (-0.593844, 0.476205, -0.648520, 1.002260), (0.000000, 0.000000, 0.000000, 1.000000)); Id: 0; Window ptr: 0000000000000000)
Hand_Tracker1 5 (Data: ((-0.507749, 0.350173, 0.787128, 0.993241), (0.609550, 0.791687, 0.040998, 1.216855), (-0.608803, 0.500610, -0.615426, 1.006259), (0.000000, 0.000000, 0.000000, 1.000000)); Id: 0; Window ptr: 0000000000000000)
Hand_Tracker1 5 (Data: ((-0.500221, 0.348091, 0.792850, 0.991723), (0.619425, 0.783663, 0.046747, 1.215097), (-0.605055, 0.514495, -0.607621, 1.008224), (0.000000, 0.000000, 0.000000, 1.000000)); Id: 0; Window ptr: 0000000000000000)
Hand_Tracker1 5 (Data: ((-0.496347, 0.346353, 0.796040, 0.989946), (0.625412, 0.778614, 0.051186, 1.213970), (-0.602080, 0.523259, -0.603076, 1.009250), (0.000000, 0.000000, 0.000000, 1.000000)); Id: 0; Window ptr: 0000000000000000)
Hand_Tracker1 5 (Data: ((-0.508146, 0.363500, 0.780804, 0.985443), (0.632147, 0.773137, 0.051470, 1.213296), (-0.584959, 0.519737, -0.622652, 1.008173), (0.000000, 0.000000, 0.000000, 1.000000)); Id: 0; Window ptr: 0000000000000000)
Hand_Tracker1 5 (Data: ((-0.507423, 0.362942, 0.781534, 0.982927), (0.631168, 0.774010, 0.050348, 1.213828), (-0.586642, 0.518827, -0.621828, 1.007124), (0.000000, 0.000000, 0.000000, 1.000000)); Id: 0; Window ptr: 0000000000000000)
Hand_Tracker1 5 (Data: ((-0.507707, 0.361092, 0.782206, 0.980107), (0.626020, 0.778389, 0.047001, 1.214660), (-0.591889, 0.513539, -0.621245, 1.005643), (0.000000, 0.000000, 0.000000, 1.000000)); Id: 0; Window ptr: 0000000000000000)
Hand_Tracker1 5 (Data: ((-0.509108, 0.357285, 0.783043, 0.977134), (0.619106, 0.784029, 0.044786, 1.215950), (-0.597928, 0.507587, -0.620353, 1.003746), (0.000000, 0.000000, 0.000000, 1.000000)); Id: 0; Window ptr: 0000000000000000)
Hand_Tracker1 5 (Data: ((-0.516215, 0.353847, 0.779945, 0.974362), (0.613327, 0.788352, 0.048276, 1.218002), (-0.597789, 0.503282, -0.623984, 1.000978), (0.000000, 0.000000, 0.000000, 1.000000)); Id: 0; Window ptr: 0000000000000000)
Hand_Tracker1 5 (Data: ((-0.517590, 0.351658, 0.780024, 0.971436), (0.608514, 0.792170, 0.046650, 1.219444), (-0.601507, 0.498801, -0.624008, 0.998519), (0.000000, 0.000000, 0.000000, 1.000000)); Id: 0; Window ptr: 0000000000000000)
Hand_Tracker1 5 (Data: ((-0.514387, 0.333547, 0.790033, 0.970933), (0.598575, 0.799361, 0.052244, 1.221345), (-0.614096, 0.499768, -0.610834, 0.996820), (0.000000, 0.000000, 0.000000, 1.000000)); Id: 0; Window ptr: 0000000000000000)
Hand_Tracker1 5 (Data: ((-0.513131, 0.329430, 0.792574, 0.969144), (0.593303, 0.803414, 0.050183, 1.222837), (-0.620233, 0.495986, -0.607708, 0.994701), (0.000000, 0.000000, 0.000000, 1.000000)); Id: 0; Window ptr: 0000000000000000)
Hand_Tracker1 5 (Data: ((-0.498088, 0.318368, 0.806567, 0.966517), (0.584769, 0.810146, 0.041338, 1.226149), (-0.640276, 0.492246, -0.589695, 0.992653), (0.000000, 0.000000, 0.000000, 1.000000)); Id: 0; Window ptr: 0000000000000000)
Hand_Tracker1 5 (Data: ((-0.497332, 0.319068, 0.806757, 0.964648), (0.580932, 0.813132, 0.036531, 1.227299), (-0.644344, 0.486839, -0.589754, 0.990041), (0.000000, 0.000000, 0.000000, 1.000000)); Id: 0; Window ptr: 0000000000000000)
Hand_Tracker1 5 (Data: ((-0.492983, 0.316875, 0.810283, 0.963352), (0.576439, 0.816537, 0.031390, 1.228173), (-0.651680, 0.482553, -0.585198, 0.987750), (0.000000, 0.000000, 0.000000, 1.000000)); Id: 0; Window ptr: 0000000000000000)
Hand_Tracker1 5 (Data: ((-0.491323, 0.316363, 0.811490, 0.962146), (0.572610, 0.819375, 0.027254, 1.229012), (-0.656293, 0.478058, -0.583730, 0.985613), (0.000000, 0.000000, 0.000000, 1.000000)); Id: 0; Window ptr: 0000000000000000)
Hand_Tracker1 5 (Data: ((-0.493463, 0.316845, 0.810002, 0.960667), (0.569704, 0.821447, 0.025749, 1.229478), (-0.657215, 0.474167, -0.585861, 0.983522), (0.000000, 0.000000, 0.000000, 1.000000)); Id: 0; Window ptr: 0000000000000000)
Hand_Tracker1 5 (Data: ((-0.498313, 0.321824, 0.805055, 0.958816), (0.569997, 0.821281, 0.024506, 1.229920), (-0.653290, 0.471090, -0.592694, 0.981285), (0.000000, 0.000000, 0.000000, 1.000000)); Id: 0; Window ptr: 0000000000000000)
Hand_Tracker1 5 (Data: ((-0.501702, 0.323021, 0.802467, 0.957292), (0.568160, 0.822565, 0.024103, 1.230223), (-0.652295, 0.468022, -0.596210, 0.979508), (0.000000, 0.000000, 0.000000, 1.000000)); Id: 0; Window ptr: 0000000000000000)
Hand_Tracker1 5 (Data: ((-0.523155, 0.336158, 0.783139, 0.956797), (0.570535, 0.820767, 0.028821, 1.228759), (-0.633087, 0.461886, -0.621179, 0.976708), (0.000000, 0.000000, 0.000000, 1.000000)); Id: 0; Window ptr: 0000000000000000)
Hand_Tracker1 5 (Data: ((-0.539905, 0.347791, 0.766515, 0.953260), (0.568303, 0.822371, 0.027157, 1.229119), (-0.620915, 0.450275, -0.641652, 0.973646), (0.000000, 0.000000, 0.000000, 1.000000)); Id: 0; Window ptr: 0000000000000000)
Hand_Tracker1 5 (Data: ((-0.544076, 0.348319, 0.763319, 0.951486), (0.560881, 0.827601, 0.022131, 1.229604), (-0.624015, 0.440171, -0.645643, 0.971189), (0.000000, 0.000000, 0.000000, 1.000000)); Id: 0; Window ptr: 0000000000000000)
Hand_Tracker1 5 (Data: ((-0.505179, 0.366002, 0.781561, 0.956974), (0.568626, 0.822408, -0.017588, 1.227469), (-0.649199, 0.435531, -0.623581, 0.969229), (0.000000, 0.000000, 0.000000, 1.000000)); Id: 0; Window ptr: 0000000000000000)
Hand_Tracker1 5 (Data: ((-0.510901, 0.365372, 0.778128, 0.955430), (0.560906, 0.827630, -0.020337, 1.228675), (-0.651433, 0.426066, -0.627777, 0.966161), (0.000000, 0.000000, 0.000000, 1.000000)); Id: 0; Window ptr: 0000000000000000)
Hand_Tracker1 5 (Data: ((-0.520932, 0.365611, 0.771336, 0.953132), (0.554344, 0.832047, -0.020004, 1.230435), (-0.649101, 0.417165, -0.636114, 0.962827), (0.000000, 0.000000, 0.000000, 1.000000)); Id: 0; Window ptr: 0000000000000000)
Hand_Tracker1 5 (Data: ((-0.539049, 0.351935, 0.765224, 0.950184), (0.538212, 0.842767, -0.008464, 1.233844), (-0.647884, 0.407291, -0.643708, 0.959212), (0.000000, 0.000000, 0.000000, 1.000000)); Id: 0; Window ptr: 0000000000000000)
Hand_Tracker1 5 (Data: ((-0.547659, 0.355171, 0.757577, 0.948802), (0.535104, 0.844736, -0.009203, 1.234807), (-0.643221, 0.400342, -0.652681, 0.956648), (0.000000, 0.000000, 0.000000, 1.000000)); Id: 0; Window ptr: 0000000000000000)
Hand_Tracker1 5 (Data: ((-0.551758, 0.355898, 0.754255, 0.947712), (0.531535, 0.846968, -0.010813, 1.235792), (-0.642678, 0.394946, -0.656493, 0.954168), (0.000000, 0.000000, 0.000000, 1.000000)); Id: 0; Window ptr: 0000000000000000)
Hand_Tracker1 5 (Data: ((-0.553125, 0.354752, 0.753793, 0.946222), (0.526052, 0.850334, -0.014176, 1.236645), (-0.646005, 0.388693, -0.656959, 0.951396), (0.000000, 0.000000, 0.000000, 1.000000)); Id: 0; Window ptr: 0000000000000000)
Hand_Tracker1 5 (Data: ((-0.563865, 0.365892, 0.740391, 0.942315), (0.523840, 0.851536, -0.021873, 1.237137), (-0.638473, 0.375514, -0.671820, 0.948247), (0.000000, 0.000000, 0.000000, 1.000000)); Id: 0; Window ptr: 0000000000000000)
Hand_Tracker1 5 (Data: ((-0.558123, 0.351238, 0.751751, 0.942773), (0.513946, 0.857609, -0.019128, 1.239412), (-0.651427, 0.375684, -0.659169, 0.945198), (0.000000, 0.000000, 0.000000, 1.000000)); Id: 0; Window ptr: 0000000000000000)
Hand_Tracker1 5 (Data: ((-0.558914, 0.353890, 0.749918, 0.941476), (0.508216, 0.860792, -0.027439, 1.240392), (-0.655234, 0.365784, -0.660962, 0.941802), (0.000000, 0.000000, 0.000000, 1.000000)); Id: 0; Window ptr: 0000000000000000)
Hand_Tracker1 5 (Data: ((-0.533184, 0.344214, 0.772808, 0.939160), (0.497377, 0.866479, -0.042781, 1.242483), (-0.684347, 0.361567, -0.633197, 0.939931), (0.000000, 0.000000, 0.000000, 1.000000)); Id: 0; Window ptr: 0000000000000000)
Hand_Tracker1 5 (Data: ((-0.536051, 0.381124, 0.753255, 0.937742), (0.509995, 0.857258, -0.070810, 1.242356), (-0.672722, 0.346198, -0.653905, 0.935037), (0.000000, 0.000000, 0.000000, 1.000000)); Id: 0; Window ptr: 0000000000000000)
Hand_Tracker1 5 (Data: ((-0.516288, 0.363900, 0.775257, 0.940086), (0.493000, 0.866489, -0.078406, 1.242987), (-0.700284, 0.341722, -0.626761, 0.934278), (0.000000, 0.000000, 0.000000, 1.000000)); Id: 0; Window ptr: 0000000000000000)
Hand_Tracker1 5 (Data: ((-0.531198, 0.398645, 0.747603, 0.934452), (0.514049, 0.853065, -0.089630, 1.246211), (-0.673485, 0.336694, -0.658070, 0.928686), (0.000000, 0.000000, 0.000000, 1.000000)); Id: 0; Window ptr: 0000000000000000)
Hand_Tracker1 5 (Data: ((-0.565530, 0.389557, 0.726926, 0.935785), (0.497524, 0.864113, -0.076014, 1.247204), (-0.657758, 0.318675, -0.682496, 0.925123), (0.000000, 0.000000, 0.000000, 1.000000)); Id: 0; Window ptr: 0000000000000000)
Hand_Tracker1 5 (Data: ((-0.567942, 0.383979, 0.728013, 0.933347), (0.488685, 0.869045, -0.077128, 1.248942), (-0.662291, 0.311964, -0.681211, 0.922967), (0.000000, 0.000000, 0.000000, 1.000000)); Id: 0; Window ptr: 0000000000000000)
Hand_Tracker2 5 (Data: ((0.404839, 0.376369, 0.833338, -0.156159), (-0.451189, -0.710464, 0.540064, 1.840538), (0.795320, -0.594632, -0.117810, 0.559351), (0.000000, 0.000000, 0.000000, 1.000000)); Id: 0; Window ptr: 0000000000000000)
FinishedQueue 0 (Data: ; Id: -1; Window ptr: 0000000000000000)
mouse_pointer 2 (Data: (544.000000, 955.000000); Id: -1; Window ptr: 0000000001F05750)
entered 0 (Data: ; Id: -1; Window ptr: 0000000001F05750)
Head_Tracker 5 (Data: ((0.976282, 0.063953, 0.206839, -0.187175), (-0.211759, 0.480933, 0.850801, 1.725662), (-0.045065, -0.874422, 0.483069, 0.845835), (0.000000, 0.000000, 0.000000, 1.000000)); Id: 0; Window ptr: 0000000000000000)
Head_Tracker 5 (Data: ((0.976147, 0.064036, 0.207453, -0.188737), (-0.212334, 0.480907, 0.850672, 1.725986), (-0.045292, -0.874430, 0.483033, 0.846607), (0.000000, 0.000000, 0.000000, 1.000000)); Id: 0; Window ptr: 0000000000000000)
Head_Tracker 5 (Data: ((0.976133, 0.063074, 0.207812, -0.189866), (-0.212206, 0.480494, 0.850937, 1.726117), (-0.046181, -0.874727, 0.482411, 0.847358), (0.000000, 0.000000, 0.000000, 1.000000)); Id: 0; Window ptr: 0000000000000000)
Head_Tracker 5 (Data: ((0.977809, 0.053521, 0.202545, -0.186227), (-0.202728, 0.485503, 0.850404, 1.724975), (-0.052822, -0.872595, 0.485580, 0.845711), (0.000000, 0.000000, 0.000000, 1.000000)); Id: 0; Window ptr: 0000000000000000)
Head_Tracker 5 (Data: ((0.977594, 0.052082, 0.203954, -0.187405), (-0.203512, 0.481419, 0.852536, 1.725556), (-0.053786, -0.874942, 0.481232, 0.847332), (0.000000, 0.000000, 0.000000, 1.000000)); Id: 0; Window ptr: 0000000000000000)
Head_Tracker 5 (Data: ((0.978875, 0.052394, 0.197633, -0.192852), (-0.197862, 0.486331, 0.851078, 1.721558), (-0.051524, -0.872203, 0.486424, 0.848334), (0.000000, 0.000000, 0.000000, 1.000000)); Id: 0; Window ptr: 0000000000000000)
Head_Tracker 5 (Data: ((0.979642, 0.047198, 0.195127, -0.191288), (-0.193069, 0.487860, 0.851303, 1.719530), (-0.055014, -0.871645, 0.487040, 0.847960), (0.000000, 0.000000, 0.000000, 1.000000)); Id: 0; Window ptr: 0000000000000000)
Head_Tracker 5 (Data: ((0.979835, 0.045841, 0.194478, -0.192504), (-0.192043, 0.484758, 0.853304, 1.718984), (-0.055159, -0.873446, 0.483787, 0.849532), (0.000000, 0.000000, 0.000000, 1.000000)); Id: 0; Window ptr: 0000000000000000)
Head_Tracker 5 (Data: ((0.980577, 0.047354, 0.190331, -0.194319), (-0.189261, 0.483089, 0.854871, 1.717638), (-0.051465, -0.874290, 0.482669, 0.850100), (0.000000, 0.000000, 0.000000, 1.000000)); Id: 0; Window ptr: 0000000000000000)
Head_Tracker 5 (Data: ((0.980677, 0.046543, 0.190018, -0.195535), (-0.188763, 0.480296, 0.856554, 1.717027), (-0.051399, -0.875871, 0.479800, 0.851593), (0.000000, 0.000000, 0.000000, 1.000000)); Id: 0; Window ptr: 0000000000000000)
Head_Tracker 5 (Data: ((0.980900, 0.045798, 0.189044, -0.196784), (-0.187678, 0.478207, 0.857960, 1.716390), (-0.051109, -0.877052, 0.477669, 0.852886), (0.000000, 0.000000, 0.000000, 1.000000)); Id: 0; Window ptr: 0000000000000000)
Head_Tracker 5 (Data: ((0.981037, 0.044751, 0.188581, -0.197985), (-0.186900, 0.476062, 0.859321, 1.716180), (-0.051321, -0.878272, 0.475399, 0.854158), (0.000000, 0.000000, 0.000000, 1.000000)); Id: 0; Window ptr: 0000000000000000)
Head_Tracker 5 (Data: ((0.980533, 0.048154, 0.190356, -0.202320), (-0.190410, 0.469888, 0.861945, 1.717369), (-0.047940, -0.881412, 0.469909, 0.857469), (0.000000, 0.000000, 0.000000, 1.000000)); Id: 0; Window ptr: 0000000000000000)
Head_Tracker 5 (Data: ((0.980535, 0.050055, 0.189859, -0.205809), (-0.190854, 0.470087, 0.861739, 1.716562), (-0.046116, -0.881200, 0.470490, 0.858700), (0.000000, 0.000000, 0.000000, 1.000000)); Id: 0; Window ptr: 0000000000000000)
Head_Tracker 5 (Data: ((0.981561, 0.038627, 0.187205, -0.201310), (-0.182964, 0.473369, 0.861653, 1.716882), (-0.055334, -0.880017, 0.471708, 0.856560), (0.000000, 0.000000, 0.000000, 1.000000)); Id: 0; Window ptr: 0000000000000000)
Head_Tracker 5 (Data: ((0.978615, 0.047511, 0.200139, -0.206597), (-0.199587, 0.454763, 0.867961, 1.724518), (-0.049778, -0.889345, 0.454520, 0.861888), (0.000000, 0.000000, 0.000000, 1.000000)); Id: 0; Window ptr: 0000000000000000)
Head_Tracker 5 (Data: ((0.978421, 0.042291, 0.202246, -0.207142), (-0.199157, 0.453735, 0.868597, 1.726175), (-0.055032, -0.890133, 0.452366, 0.862630), (0.000000, 0.000000, 0.000000, 1.000000)); Id: 0; Window ptr: 0000000000000000)
Head_Tracker 5 (Data: ((0.978260, 0.030772, 0.205088, -0.205658), (-0.197642, 0.437873, 0.877043, 1.733952), (-0.062814, -0.898510, 0.434435, 0.863139), (0.000000, 0.000000, 0.000000, 1.000000)); Id: 0; Window ptr: 0000000000000000)
Head_Tracker 5 (Data: ((0.981795, 0.029727, 0.187602, -0.206578), (-0.178726, 0.478953, 0.859454, 1.721142), (-0.064303, -0.877337, 0.475547, 0.856786), (0.000000, 0.000000, 0.000000, 1.000000)); Id: 0; Window ptr: 0000000000000000)
Head_Tracker 5 (Data: ((0.981193, 0.034860, 0.189856, -0.210259), (-0.183350, 0.475865, 0.860195, 1.723282), (-0.060359, -0.878827, 0.473307, 0.858754), (0.000000, 0.000000, 0.000000, 1.000000)); Id: 0; Window ptr: 0000000000000000)
Head_Tracker 5 (Data: ((0.980668, 0.025430, 0.194019, -0.208511), (-0.183429, 0.464776, 0.866220, 1.732805), (-0.068147, -0.885063, 0.460455, 0.858133), (0.000000, 0.000000, 0.000000, 1.000000)); Id: 0; Window ptr: 0000000000000000)
Head_Tracker 5 (Data: ((0.980920, 0.025971, 0.192669, -0.210169), (-0.182658, 0.462479, 0.867611, 1.735811), (-0.066573, -0.886250, 0.458399, 0.859155), (0.000000, 0.000000, 0.000000, 1.000000)); Id: 0; Window ptr: 0000000000000000)
Head_Tracker 5 (Data: ((0.980662, 0.026645, 0.193885, -0.211016), (-0.184174, 0.460707, 0.868234, 1.737789), (-0.066190, -0.887152, 0.456705, 0.859149), (0.000000, 0.000000, 0.000000, 1.000000)); Id: 0; Window ptr: 0000000000000000)
Head_Tracker 5 (Data: ((0.980711, 0.025616, 0.193779, -0.210574), (-0.183209, 0.465991, 0.865614, 1.736576), (-0.068125, -0.884419, 0.461696, 0.857330), (0.000000, 0.000000, 0.000000, 1.000000)); Id: 0; Window ptr: 0000000000000000)
Head_Tracker 5 (Data: ((0.981326, 0.025622, 0.190636, -0.211450), (-0.179985, 0.471925, 0.863071, 1.735209), (-0.067852, -0.881266, 0.467724, 0.856196), (0.000000, 0.000000, 0.000000, 1.000000)); Id: 0; Window ptr: 0000000000000000)
Head_Tracker 5 (Data: ((0.980706, 0.027485, 0.193549, -0.210031), (-0.183481, 0.471081, 0.862796, 1.735890), (-0.067463, -0.881662, 0.467035, 0.856307), (0.000000, 0.000000, 0.000000, 1.000000)); Id: 0; Window ptr: 0000000000000000)
Head_Tracker 5 (Data: ((0.980694, 0.029329, 0.193337, -0.212836), (-0.184520, 0.466125, 0.865263, 1.738206), (-0.064742, -0.884233, 0.462538, 0.857937), (0.000000, 0.000000, 0.000000, 1.000000)); Id: 0; Window ptr: 0000000000000000)
Head_Tracker 5 (Data: ((0.981048, 0.029207, 0.191549, -0.213643), (-0.182713, 0.468509, 0.864358, 1.737273), (-0.064497, -0.882976, 0.464967, 0.857685), (0.000000, 0.000000, 0.000000, 1.000000)); Id: 0; Window ptr: 0000000000000000)
Head_Tracker 5 (Data: ((0.981486, 0.029545, 0.189240, -0.214366), (-0.180611, 0.471637, 0.863098, 1.735811), (-0.063752, -0.881298, 0.468241, 0.857364), (0.000000, 0.000000, 0.000000, 1.000000)); Id: 0; Window ptr: 0000000000000000)
Head_Tracker 5 (Data: ((0.981776, 0.030701, 0.187548, -0.215697), (-0.179506, 0.473858, 0.862112, 1.734076), (-0.062403, -0.880066, 0.470733, 0.857434), (0.000000, 0.000000, 0.000000, 1.000000)); Id: 0; Window ptr: 0000000000000000)
Head_Tracker 5 (Data: ((0.982194, 0.029270, 0.185577, -0.216244), (-0.177217, 0.472253, 0.863464, 1.733582), (-0.062366, -0.880977, 0.469031, 0.858110), (0.000000, 0.000000, 0.000000, 1.000000)); Id: 0; Window ptr: 0000000000000000)
Head_Tracker 5 (Data: ((0.982361, 0.029047, 0.184726, -0.216322), (-0.176579, 0.469205, 0.865255, 1.733671), (-0.061542, -0.882612, 0.466057, 0.858838), (0.000000, 0.000000, 0.000000, 1.000000)); Id: 0; Window ptr: 0000000000000000)
Head_Tracker 5 (Data: ((0.983018, 0.026198, 0.181630, -0.213920), (-0.172171, 0.474182, 0.863429, 1.730691), (-0.063506, -0.880037, 0.470639, 0.857075), (0.000000, 0.000000, 0.000000, 1.000000)); Id: 0; Window ptr: 0000000000000000)
Head_Tracker 5 (Data: ((0.983198, 0.028376, 0.180323, -0.214980), (-0.172022, 0.474542, 0.863261, 1.729215), (-0.061075, -0.879776, 0.471450, 0.857302), (0.000000, 0.000000, 0.000000, 1.000000)); Id: 0; Window ptr: 0000000000000000)
Head_Tracker 5 (Data: ((0.985542, 0.037378, 0.165255, -0.221954), (-0.163323, 0.469069, 0.867929, 1.727851), (-0.045075, -0.882370, 0.468392, 0.862905), (0.000000, 0.000000, 0.000000, 1.000000)); Id: 0; Window ptr: 0000000000000000)
Hand_Tracker1 5 (Data: ((-0.579539, 0.373191, 0.724475, 0.932339), (0.477139, 0.876068, -0.069595, 1.250799), (-0.660661, 0.305342, -0.685779, 0.920665), (0.000000, 0.000000, 0.000000, 1.000000)); Id: 0; Window ptr: 0000000000000000)
FinishedQueue 0 (Data: ; Id: -1; Window ptr: 0000000000000000)
Head_Tracker 5 (Data: ((0.985772, 0.037347, 0.163886, -0.221989), (-0.162098, 0.469172, 0.868102, 1.727659), (-0.044470, -0.882317, 0.468551, 0.862600), (0.000000, 0.000000, 0.000000, 1.000000)); Id: 0; Window ptr: 0000000000000000)
Hand_Tracker1 5 (Data: ((-0.581899, 0.367282, 0.725601, 0.930101), (0.470099, 0.879958, -0.068416, 1.252626), (-0.663626, 0.301294, -0.684706, 0.918705), (0.000000, 0.000000, 0.000000, 1.000000)); Id: 0; Window ptr: 0000000000000000)
FinishedQueue 0 (Data: ; Id: -1; Window ptr: 0000000000000000)
Hand_Tracker1 5 (Data: ((-0.583039, 0.363648, 0.726516, 0.928305), (0.465592, 0.882382, -0.068020, 1.253457), (-0.665800, 0.298602, -0.683775, 0.917394), (0.000000, 0.000000, 0.000000, 1.000000)); Id: 0; Window ptr: 0000000000000000)
Hand_Tracker1 5 (Data: ((-0.584187, 0.359997, 0.727412, 0.926738), (0.461379, 0.884649, -0.067279, 1.254044), (-0.667724, 0.296309, -0.682895, 0.916244), (0.000000, 0.000000, 0.000000, 1.000000)); Id: 0; Window ptr: 0000000000000000)
FinishedQueue 0 (Data: ; Id: -1; Window ptr: 0000000000000000)
Head_Tracker 5 (Data: ((0.985128, 0.042037, 0.166599, -0.224393), (-0.166201, 0.479090, 0.861887, 1.723736), (-0.043585, -0.876759, 0.478952, 0.858952), (0.000000, 0.000000, 0.000000, 1.000000)); Id: 0; Window ptr: 0000000000000000)
Hand_Tracker1 5 (Data: ((-0.583119, 0.357134, 0.729677, 0.925647), (0.457471, 0.886594, -0.068349, 1.254903), (-0.671337, 0.293950, -0.680368, 0.915104), (0.000000, 0.000000, 0.000000, 1.000000)); Id: 0; Window ptr: 0000000000000000)
Hand_Tracker1 5 (Data: ((-0.581320, 0.350434, 0.734345, 0.924417), (0.452941, 0.889114, -0.065736, 1.255627), (-0.675953, 0.294402, -0.675585, 0.914662), (0.000000, 0.000000, 0.000000, 1.000000)); Id: 0; Window ptr: 0000000000000000)
FinishedQueue 0 (Data: ; Id: -1; Window ptr: 0000000000000000)
Head_Tracker 5 (Data: ((0.985461, 0.041880, 0.164658, -0.224400), (-0.164318, 0.481335, 0.860997, 1.723768), (-0.043197, -0.875536, 0.481218, 0.858376), (0.000000, 0.000000, 0.000000, 1.000000)); Id: 0; Window ptr: 0000000000000000)
Hand_Tracker1 5 (Data: ((-0.548838, 0.352407, 0.758015, 0.917448), (0.458115, 0.885296, -0.079884, 1.257443), (-0.699220, 0.303414, -0.647326, 0.913996), (0.000000, 0.000000, 0.000000, 1.000000)); Id: 0; Window ptr: 0000000000000000)
FinishedQueue 0 (Data: ; Id: -1; Window ptr: 0000000000000000)
Hand_Tracker1 5 (Data: ((-0.555765, 0.336505, 0.760191, 0.916923), (0.449973, 0.890653, -0.065286, 1.259208), (-0.699035, 0.305781, -0.646412, 0.912949), (0.000000, 0.000000, 0.000000, 1.000000)); Id: 0; Window ptr: 0000000000000000)
Hand_Tracker1 5 (Data: ((-0.575830, 0.331249, 0.747458, 0.919520), (0.444405, 0.894202, -0.053919, 1.257825), (-0.686239, 0.301126, -0.662117, 0.913759), (0.000000, 0.000000, 0.000000, 1.000000)); Id: 0; Window ptr: 0000000000000000)
FinishedQueue 0 (Data: ; Id: -1; Window ptr: 0000000000000000)
Hand_Tracker1 5 (Data: ((-0.559684, 0.331248, 0.759624, 0.917753), (0.445864, 0.893026, -0.060912, 1.258610), (-0.698541, 0.304598, -0.647504, 0.913856), (0.000000, 0.000000, 0.000000, 1.000000)); Id: 0; Window ptr: 0000000000000000)
Hand_Tracker1 5 (Data: ((-0.564931, 0.321415, 0.759964, 0.918105), (0.442467, 0.895402, -0.049781, 1.259981), (-0.696474, 0.308136, -0.648056, 0.913127), (0.000000, 0.000000, 0.000000, 1.000000)); Id: 0; Window ptr: 0000000000000000)
FinishedQueue 0 (Data: ; Id: -1; Window ptr: 0000000000000000)
Hand_Tracker1 5 (Data: ((-0.564052, 0.317248, 0.762364, 0.917801), (0.440318, 0.896594, -0.047327, 1.261029), (-0.698545, 0.308988, -0.645416, 0.912735), (0.000000, 0.000000, 0.000000, 1.000000)); Id: 0; Window ptr: 0000000000000000)
FinishedQueue 0 (Data: ; Id: -1; Window ptr: 0000000000000000)
Hand_Tracker1 5 (Data: ((-0.562392, 0.314217, 0.764842, 0.917943), (0.437417, 0.898014, -0.047292, 1.262386), (-0.701699, 0.307958, -0.642480, 0.912048), (0.000000, 0.000000, 0.000000, 1.000000)); Id: 0; Window ptr: 0000000000000000)
Hand_Tracker1 5 (Data: ((-0.561479, 0.311760, 0.766516, 0.918362), (0.434175, 0.899558, -0.047835, 1.263996), (-0.704438, 0.305944, -0.640442, 0.911253), (0.000000, 0.000000, 0.000000, 1.000000)); Id: 0; Window ptr: 0000000000000000)
FinishedQueue 0 (Data: ; Id: -1; Window ptr: 0000000000000000)
Head_Tracker 5 (Data: ((0.987224, 0.038184, 0.154693, -0.221896), (-0.153573, 0.486762, 0.859929, 1.725528), (-0.042463, -0.872700, 0.486407, 0.856571), (0.000000, 0.000000, 0.000000, 1.000000)); Id: 0; Window ptr: 0000000000000000)
Head_Tracker 5 (Data: ((0.987402, 0.037396, 0.153751, -0.220462), (-0.152459, 0.484950, 0.861150, 1.726751), (-0.042358, -0.873742, 0.484542, 0.856877), (0.000000, 0.000000, 0.000000, 1.000000)); Id: 0; Window ptr: 0000000000000000)
Hand_Tracker1 5 (Data: ((-0.560463, 0.311041, 0.767551, 0.919452), (0.431302, 0.900815, -0.050110, 1.265754), (-0.707008, 0.302962, -0.639026, 0.910210), (0.000000, 0.000000, 0.000000, 1.000000)); Id: 0; Window ptr: 0000000000000000)
Hand_Tracker1 5 (Data: ((-0.558788, 0.311323, 0.768658, 0.920782), (0.429557, 0.901492, -0.052850, 1.267410), (-0.709392, 0.300650, -0.637474, 0.909290), (0.000000, 0.000000, 0.000000, 1.000000)); Id: 0; Window ptr: 0000000000000000)
FinishedQueue 0 (Data: ; Id: -1; Window ptr: 0000000000000000)
Head_Tracker 5 (Data: ((0.986796, 0.038854, 0.157237, -0.219414), (-0.156425, 0.480382, 0.862998, 1.728378), (-0.042003, -0.876199, 0.480116, 0.857500), (0.000000, 0.000000, 0.000000, 1.000000)); Id: 0; Window ptr: 0000000000000000)
Hand_Tracker1 5 (Data: ((-0.569999, 0.310512, 0.760712, 0.924088), (0.426886, 0.902992, -0.048724, 1.269036), (-0.702046, 0.296965, -0.647258, 0.908101), (0.000000, 0.000000, 0.000000, 1.000000)); Id: 0; Window ptr: 0000000000000000)
FinishedQueue 0 (Data: ; Id: -1; Window ptr: 0000000000000000)
Head_Tracker 5 (Data: ((0.986710, 0.039582, 0.157597, -0.218859), (-0.157166, 0.478761, 0.863763, 1.728821), (-0.041262, -0.877053, 0.478619, 0.857767), (0.000000, 0.000000, 0.000000, 1.000000)); Id: 0; Window ptr: 0000000000000000)
Head_Tracker 5 (Data: ((0.986783, 0.040675, 0.156859, -0.218228), (-0.157021, 0.479217, 0.863537, 1.728422), (-0.040045, -0.876754, 0.479270, 0.857624), (0.000000, 0.000000, 0.000000, 1.000000)); Id: 0; Window ptr: 0000000000000000)
Hand_Tracker1 5 (Data: ((-0.575296, 0.311016, 0.756508, 0.925715), (0.424699, 0.904024, -0.048696, 1.270895), (-0.699047, 0.293273, -0.652169, 0.907216), (0.000000, 0.000000, 0.000000, 1.000000)); Id: 0; Window ptr: 0000000000000000)
Hand_Tracker1 5 (Data: ((-0.572091, 0.314862, 0.757347, 0.927594), (0.424890, 0.903590, -0.054705, 1.272722), (-0.701556, 0.290493, -0.650718, 0.906375), (0.000000, 0.000000, 0.000000, 1.000000)); Id: 0; Window ptr: 0000000000000000)
FinishedQueue 0 (Data: ; Id: -1; Window ptr: 0000000000000000)
Head_Tracker 5 (Data: ((0.986506, 0.043311, 0.157896, -0.217825), (-0.158999, 0.483538, 0.860762, 1.724849), (-0.039068, -0.874251, 0.483899, 0.856925), (0.000000, 0.000000, 0.000000, 1.000000)); Id: 0; Window ptr: 0000000000000000)
Hand_Tracker1 5 (Data: ((-0.569945, 0.320076, 0.756778, 0.929747), (0.425882, 0.902716, -0.061059, 1.274648), (-0.702699, 0.287498, -0.650814, 0.905689), (0.000000, 0.000000, 0.000000, 1.000000)); Id: 0; Window ptr: 0000000000000000)
Hand_Tracker1 5 (Data: ((-0.567956, 0.325723, 0.755864, 0.932264), (0.427175, 0.901641, -0.067563, 1.276706), (-0.703525, 0.284513, -0.651233, 0.905300), (0.000000, 0.000000, 0.000000, 1.000000)); Id: 0; Window ptr: 0000000000000000)
FinishedQueue 0 (Data: ; Id: -1; Window ptr: 0000000000000000)
Hand_Tracker1 5 (Data: ((-0.563453, 0.331071, 0.756910, 0.935195), (0.431436, 0.899252, -0.072165, 1.279133), (-0.704545, 0.285897, -0.649522, 0.905002), (0.000000, 0.000000, 0.000000, 1.000000)); Id: 0; Window ptr: 0000000000000000)
FinishedQueue 0 (Data: ; Id: -1; Window ptr: 0000000000000000)
Hand_Tracker1 5 (Data: ((-0.562738, 0.336897, 0.754869, 0.937607), (0.435571, 0.896973, -0.075609, 1.280797), (-0.702570, 0.286251, -0.651503, 0.905297), (0.000000, 0.000000, 0.000000, 1.000000)); Id: 0; Window ptr: 0000000000000000)
Hand_Tracker1 5 (Data: ((-0.562119, 0.339429, 0.754195, 0.939843), (0.436687, 0.896236, -0.077882, 1.282405), (-0.702372, 0.285568, -0.652016, 0.905503), (0.000000, 0.000000, 0.000000, 1.000000)); Id: 0; Window ptr: 0000000000000000)
FinishedQueue 0 (Data: ; Id: -1; Window ptr: 0000000000000000)
Head_Tracker 5 (Data: ((0.989500, 0.018894, 0.143291, -0.201856), (-0.134539, 0.482631, 0.865429, 1.725421), (-0.052805, -0.875620, 0.480106, 0.856627), (0.000000, 0.000000, 0.000000, 1.000000)); Id: 0; Window ptr: 0000000000000000)
Hand_Tracker1 5 (Data: ((-0.556312, 0.332790, 0.761425, 0.943631), (0.432495, 0.898372, -0.076655, 1.284870), (-0.709553, 0.286669, -0.643705, 0.905048), (0.000000, 0.000000, 0.000000, 1.000000)); Id: 0; Window ptr: 0000000000000000)
Hand_Tracker1 5 (Data: ((-0.569328, 0.339472, 0.748749, 0.942277), (0.430521, 0.899007, -0.080241, 1.287813), (-0.700370, 0.276668, -0.657980, 0.904145), (0.000000, 0.000000, 0.000000, 1.000000)); Id: 0; Window ptr: 0000000000000000)
FinishedQueue 0 (Data: ; Id: -1; Window ptr: 0000000000000000)
Head_Tracker 5 (Data: ((0.989746, 0.019348, 0.141524, -0.200663), (-0.133157, 0.483560, 0.865123, 1.724600), (-0.051697, -0.875097, 0.481178, 0.856778), (0.000000, 0.000000, 0.000000, 1.000000)); Id: 0; Window ptr: 0000000000000000)
Hand_Tracker1 5 (Data: ((-0.571082, 0.335781, 0.749077, 0.942847), (0.424076, 0.901995, -0.081021, 1.291573), (-0.702869, 0.271396, -0.657510, 0.902708), (0.000000, 0.000000, 0.000000, 1.000000)); Id: 0; Window ptr: 0000000000000000)
FinishedQueue 0 (Data: ; Id: -1; Window ptr: 0000000000000000)
Head_Tracker 5 (Data: ((0.990275, 0.021468, 0.137458, -0.200425), (-0.130613, 0.483738, 0.865412, 1.724061), (-0.047915, -0.874950, 0.481837, 0.857820), (0.000000, 0.000000, 0.000000, 1.000000)); Id: 0; Window ptr: 0000000000000000)
Head_Tracker 5 (Data: ((0.989202, 0.003544, 0.146516, -0.194414), (-0.130388, 0.477763, 0.868758, 1.724507), (-0.066921, -0.878482, 0.473066, 0.855123), (0.000000, 0.000000, 0.000000, 1.000000)); Id: 0; Window ptr: 0000000000000000)
Hand_Tracker1 5 (Data: ((-0.570915, 0.329305, 0.752073, 0.945274), (0.415681, 0.905887, -0.081101, 1.295738), (-0.708000, 0.266321, -0.654071, 0.900980), (0.000000, 0.000000, 0.000000, 1.000000)); Id: 0; Window ptr: 0000000000000000)
Hand_Tracker1 5 (Data: ((-0.578727, 0.331890, 0.744933, 0.944250), (0.410198, 0.907948, -0.085842, 1.299377), (-0.704850, 0.255891, -0.661594, 0.900864), (0.000000, 0.000000, 0.000000, 1.000000)); Id: 0; Window ptr: 0000000000000000)
FinishedQueue 0 (Data: ; Id: -1; Window ptr: 0000000000000000)
Head_Tracker 5 (Data: ((0.989899, 0.015289, 0.140948, -0.197904), (-0.130845, 0.481313, 0.866728, 1.721572), (-0.054588, -0.876416, 0.478452, 0.857221), (0.000000, 0.000000, 0.000000, 1.000000)); Id: 0; Window ptr: 0000000000000000)
Head_Tracker 5 (Data: ((0.989035, 0.017327, 0.146663, -0.196708), (-0.137566, 0.469325, 0.872244, 1.724455), (-0.053719, -0.882856, 0.466562, 0.860132), (0.000000, 0.000000, 0.000000, 1.000000)); Id: 0; Window ptr: 0000000000000000)
Hand_Tracker1 5 (Data: ((-0.587354, 0.335787, 0.736385, 0.946746), (0.412248, 0.907115, -0.084823, 1.303916), (-0.696468, 0.253752, -0.671225, 0.900417), (0.000000, 0.000000, 0.000000, 1.000000)); Id: 0; Window ptr: 0000000000000000)
Hand_Tracker1 5 (Data: ((-0.590699, 0.351047, 0.726527, 0.949649), (0.421454, 0.902048, -0.093196, 1.306720), (-0.688078, 0.251147, -0.680789, 0.902456), (0.000000, 0.000000, 0.000000, 1.000000)); Id: 0; Window ptr: 0000000000000000)
FinishedQueue 0 (Data: ; Id: -1; Window ptr: 0000000000000000)
Head_Tracker 5 (Data: ((0.989220, 0.020769, 0.144956, -0.198286), (-0.138107, 0.461418, 0.876368, 1.727348), (-0.048684, -0.886940, 0.459312, 0.862726), (0.000000, 0.000000, 0.000000, 1.000000)); Id: 0; Window ptr: 0000000000000000)
Hand_Tracker1 5 (Data: ((-0.595452, 0.358286, 0.719075, 0.954050), (0.433695, 0.896782, -0.087695, 1.310451), (-0.676273, 0.259641, -0.689377, 0.905132), (0.000000, 0.000000, 0.000000, 1.000000)); Id: 0; Window ptr: 0000000000000000)
FinishedQueue 0 (Data: ; Id: -1; Window ptr: 0000000000000000)
Head_Tracker 5 (Data: ((0.988760, 0.040119, 0.144032, -0.204225), (-0.145910, 0.469169, 0.870971, 1.721663), (-0.032633, -0.882197, 0.469749, 0.863737), (0.000000, 0.000000, 0.000000, 1.000000)); Id: 0; Window ptr: 0000000000000000)
Hand_Tracker1 5 (Data: ((-0.595141, 0.374026, 0.711275, 0.957643), (0.450598, 0.888176, -0.090025, 1.312461), (-0.665409, 0.266921, -0.697126, 0.908690), (0.000000, 0.000000, 0.000000, 1.000000)); Id: 0; Window ptr: 0000000000000000)
Hand_Tracker1 5 (Data: ((-0.597914, 0.384291, 0.703434, 0.958839), (0.463829, 0.881605, -0.087375, 1.314090), (-0.653729, 0.274030, -0.705370, 0.912260), (0.000000, 0.000000, 0.000000, 1.000000)); Id: 0; Window ptr: 0000000000000000)
FinishedQueue 0 (Data: ; Id: -1; Window ptr: 0000000000000000)
Head_Tracker 5 (Data: ((0.990036, 0.039090, 0.135283, -0.204059), (-0.137625, 0.471991, 0.870795, 1.720727), (-0.029813, -0.880736, 0.472668, 0.863564), (0.000000, 0.000000, 0.000000, 1.000000)); Id: 0; Window ptr: 0000000000000000)
Head_Tracker 5 (Data: ((0.990175, 0.040234, 0.133919, -0.203416), (-0.136972, 0.471792, 0.871005, 1.721321), (-0.028138, -0.880791, 0.472668, 0.863749), (0.000000, 0.000000, 0.000000, 1.000000)); Id: 0; Window ptr: 0000000000000000)
Hand_Tracker1 5 (Data: ((-0.604620, 0.382738, 0.698532, 0.958167), (0.468141, 0.880282, -0.077119, 1.316001), (-0.644422, 0.280383, -0.711411, 0.915283), (0.000000, 0.000000, 0.000000, 1.000000)); Id: 0; Window ptr: 0000000000000000)
Hand_Tracker1 5 (Data: ((-0.614682, 0.360698, 0.701472, 0.958019), (0.459689, 0.886496, -0.053024, 1.320711), (-0.640977, 0.289866, -0.710722, 0.916361), (0.000000, 0.000000, 0.000000, 1.000000)); Id: 0; Window ptr: 0000000000000000)
FinishedQueue 0 (Data: ; Id: -1; Window ptr: 0000000000000000)
Head_Tracker 5 (Data: ((0.990640, 0.042409, 0.129744, -0.202951), (-0.134099, 0.479842, 0.867047, 1.717142), (-0.025486, -0.876330, 0.481037, 0.863027), (0.000000, 0.000000, 0.000000, 1.000000)); Id: 0; Window ptr: 0000000000000000)
Hand_Tracker1 5 (Data: ((-0.616369, 0.347912, 0.706432, 0.956461), (0.447809, 0.892787, -0.048972, 1.322767), (-0.647731, 0.286162, -0.706085, 0.917294), (0.000000, 0.000000, 0.000000, 1.000000)); Id: 0; Window ptr: 0000000000000000)
FinishedQueue 0 (Data: ; Id: -1; Window ptr: 0000000000000000)
Head_Tracker 5 (Data: ((0.990958, 0.042823, 0.127157, -0.201472), (-0.132017, 0.480422, 0.867045, 1.716903), (-0.023959, -0.875991, 0.481731, 0.863193), (0.000000, 0.000000, 0.000000, 1.000000)); Id: 0; Window ptr: 0000000000000000)
Hand_Tracker1 5 (Data: ((-0.630529, 0.336942, 0.699216, 0.954967), (0.438656, 0.897888, -0.037114, 1.327013), (-0.640323, 0.283314, -0.713947, 0.915831), (0.000000, 0.000000, 0.000000, 1.000000)); Id: 0; Window ptr: 0000000000000000)
Hand_Tracker1 5 (Data: ((-0.637159, 0.342385, 0.690508, 0.955464), (0.432827, 0.900251, -0.046997, 1.327209), (-0.637721, 0.268926, -0.721797, 0.914879), (0.000000, 0.000000, 0.000000, 1.000000)); Id: 0; Window ptr: 0000000000000000)
FinishedQueue 0 (Data: ; Id: -1; Window ptr: 0000000000000000)
Head_Tracker 5 (Data: ((0.993506, 0.026061, 0.110751, -0.193518), (-0.109356, 0.487411, 0.866298, 1.715436), (-0.031405, -0.872784, 0.487095, 0.861220), (0.000000, 0.000000, 0.000000, 1.000000)); Id: 0; Window ptr: 0000000000000000)
Head_Tracker 5 (Data: ((0.991411, 0.027417, 0.127878, -0.189799), (-0.125916, 0.464383, 0.876638, 1.723138), (-0.035350, -0.885210, 0.463846, 0.864777), (0.000000, 0.000000, 0.000000, 1.000000)); Id: 0; Window ptr: 0000000000000000)
Hand_Tracker1 5 (Data: ((-0.640025, 0.357336, 0.680206, 0.957730), (0.437435, 0.897262, -0.059768, 1.327569), (-0.631679, 0.259293, -0.730581, 0.913214), (0.000000, 0.000000, 0.000000, 1.000000)); Id: 0; Window ptr: 0000000000000000)
Hand_Tracker1 5 (Data: ((-0.643164, 0.374172, 0.668083, 0.960299), (0.444618, 0.892821, -0.072005, 1.327074), (-0.623421, 0.250731, -0.740594, 0.912328), (0.000000, 0.000000, 0.000000, 1.000000)); Id: 0; Window ptr: 0000000000000000)
FinishedQueue 0 (Data: ; Id: -1; Window ptr: 0000000000000000)
Head_Tracker 5 (Data: ((0.991581, 0.028681, 0.126272, -0.188506), (-0.125138, 0.462903, 0.877531, 1.723689), (-0.033283, -0.885945, 0.462595, 0.865000), (0.000000, 0.000000, 0.000000, 1.000000)); Id: 0; Window ptr: 0000000000000000)
Hand_Tracker1 5 (Data: ((-0.640139, 0.383946, 0.665438, 0.963849), (0.449105, 0.889768, -0.081350, 1.325895), (-0.623320, 0.246776, -0.742007, 0.912234), (0.000000, 0.000000, 0.000000, 1.000000)); Id: 0; Window ptr: 0000000000000000)
Hand_Tracker2 5 (Data: ((-0.902312, 0.283451, 0.324790, -1.538144), (0.029862, 0.792717, -0.608858, 1.255799), (-0.430048, -0.539681, -0.723743, 0.994119), (0.000000, 0.000000, 0.000000, 1.000000)); Id: 0; Window ptr: 0000000000000000)
FinishedQueue 0 (Data: ; Id: -1; Window ptr: 0000000000000000)
Head_Tracker 5 (Data: ((0.992023, 0.029657, 0.122519, -0.186891), (-0.122248, 0.463463, 0.877643, 1.722603), (-0.030755, -0.885620, 0.463392, 0.865116), (0.000000, 0.000000, 0.000000, 1.000000)); Id: 0; Window ptr: 0000000000000000)
Hand_Tracker1 5 (Data: ((-0.643267, 0.392560, 0.657347, 0.964550), (0.455524, 0.886297, -0.083519, 1.326010), (-0.615391, 0.245712, -0.748946, 0.912933), (0.000000, 0.000000, 0.000000, 1.000000)); Id: 0; Window ptr: 0000000000000000)
Hand_Tracker1 5 (Data: ((-0.646937, 0.390387, 0.655035, 0.963909), (0.458313, 0.885607, -0.075156, 1.326029), (-0.609444, 0.251590, -0.751852, 0.915236), (0.000000, 0.000000, 0.000000, 1.000000)); Id: 0; Window ptr: 0000000000000000)
Hand_Tracker2 5 (Data: ((0.688136, -0.718833, 0.098733, -1.537614), (0.602839, 0.490682, -0.629139, 1.256299), (0.403800, 0.492454, 0.770996, 0.994386), (0.000000, 0.000000, 0.000000, 1.000000)); Id: 0; Window ptr: 0000000000000000)
Hand_Tracker2 5 (Data: ((0.706993, -0.702286, 0.083403, -1.536133), (0.586944, 0.516871, -0.623170, 1.257922), (0.394534, 0.489530, 0.777627, 0.995233), (0.000000, 0.000000, 0.000000, 1.000000)); Id: 0; Window ptr: 0000000000000000)
FinishedQueue 0 (Data: ; Id: -1; Window ptr: 0000000000000000)
Head_Tracker 5 (Data: ((0.992961, 0.026780, 0.115372, -0.179562), (-0.114650, 0.461757, 0.879566, 1.725458), (-0.029719, -0.886602, 0.461577, 0.864151), (0.000000, 0.000000, 0.000000, 1.000000)); Id: 0; Window ptr: 0000000000000000)
Head_Tracker 5 (Data: ((0.992480, 0.034461, 0.117460, -0.181096), (-0.120049, 0.461560, 0.878949, 1.725602), (-0.023926, -0.886439, 0.462226, 0.865374), (0.000000, 0.000000, 0.000000, 1.000000)); Id: 0; Window ptr: 0000000000000000)
Hand_Tracker1 5 (Data: ((-0.655459, 0.397933, 0.641891, 0.960022), (0.469262, 0.880537, -0.066699, 1.325111), (-0.591750, 0.257496, -0.763890, 0.918265), (0.000000, 0.000000, 0.000000, 1.000000)); Id: 0; Window ptr: 0000000000000000)
Hand_Tracker1 5 (Data: ((-0.656067, 0.391866, 0.644994, 0.958211), (0.476094, 0.878018, -0.049173, 1.324103), (-0.585586, 0.274817, -0.762604, 0.921371), (0.000000, 0.000000, 0.000000, 1.000000)); Id: 0; Window ptr: 0000000000000000)
FinishedQueue 0 (Data: ; Id: -1; Window ptr: 0000000000000000)
Head_Tracker 5 (Data: ((0.992670, 0.049496, 0.110255, -0.186027), (-0.120538, 0.471500, 0.873590, 1.722103), (-0.008746, -0.880476, 0.474010, 0.865039), (0.000000, 0.000000, 0.000000, 1.000000)); Id: 0; Window ptr: 0000000000000000)
Hand_Tracker1 5 (Data: ((-0.655577, 0.367272, 0.659796, 0.959210), (0.478060, 0.878218, -0.013852, 1.324694), (-0.584532, 0.306341, -0.751317, 0.924422), (0.000000, 0.000000, 0.000000, 1.000000)); Id: 0; Window ptr: 0000000000000000)
FinishedQueue 0 (Data: ; Id: -1; Window ptr: 0000000000000000)
Head_Tracker 5 (Data: ((0.992907, 0.050079, 0.107836, -0.183680), (-0.118697, 0.470194, 0.874545, 1.724466), (-0.006907, -0.881141, 0.472803, 0.865264), (0.000000, 0.000000, 0.000000, 1.000000)); Id: 0; Window ptr: 0000000000000000)
Head_Tracker 5 (Data: ((0.993142, 0.032635, 0.112271, -0.170346), (-0.114411, 0.469023, 0.875744, 1.726850), (-0.024078, -0.882583, 0.469540, 0.862399), (0.000000, 0.000000, 0.000000, 1.000000)); Id: 0; Window ptr: 0000000000000000)
Hand_Tracker1 5 (Data: ((-0.655886, 0.371602, 0.657059, 0.959418), (0.491312, 0.870981, -0.002151, 1.322606), (-0.573085, 0.321410, -0.753837, 0.928417), (0.000000, 0.000000, 0.000000, 1.000000)); Id: 0; Window ptr: 0000000000000000)
Hand_Tracker1 5 (Data: ((-0.650714, 0.387549, 0.652976, 0.958344), (0.511333, 0.859383, -0.000493, 1.317520), (-0.561347, 0.333567, -0.757378, 0.931953), (0.000000, 0.000000, 0.000000, 1.000000)); Id: 0; Window ptr: 0000000000000000)
FinishedQueue 0 (Data: ; Id: -1; Window ptr: 0000000000000000)
Head_Tracker 5 (Data: ((0.993487, 0.036996, 0.107774, -0.172509), (-0.112587, 0.464383, 0.878449, 1.729841), (-0.017550, -0.884861, 0.465524, 0.865174), (0.000000, 0.000000, 0.000000, 1.000000)); Id: 0; Window ptr: 0000000000000000)
Head_Tracker 5 (Data: ((0.993847, 0.036013, 0.104748, -0.169531), (-0.109432, 0.465510, 0.878251, 1.730497), (-0.017132, -0.884310, 0.466587, 0.864577), (0.000000, 0.000000, 0.000000, 1.000000)); Id: 0; Window ptr: 0000000000000000)
Hand_Tracker1 5 (Data: ((-0.649853, 0.384205, 0.655803, 0.959177), (0.522617, 0.852367, 0.018513, 1.314737), (-0.551872, 0.354765, -0.754705, 0.934145), (0.000000, 0.000000, 0.000000, 1.000000)); Id: 0; Window ptr: 0000000000000000)
Hand_Tracker1 5 (Data: ((-0.636756, 0.391368, 0.664359, 0.960935), (0.535245, 0.844555, 0.015487, 1.309912), (-0.555027, 0.365456, -0.747253, 0.935142), (0.000000, 0.000000, 0.000000, 1.000000)); Id: 0; Window ptr: 0000000000000000)
Hand_Tracker2 5 (Data: ((0.731348, -0.676952, -0.082860, -1.533749), (0.548346, 0.655905, -0.518753, 1.260288), (0.405519, 0.333953, 0.850899, 0.965567), (0.000000, 0.000000, 0.000000, 1.000000)); Id: 0; Window ptr: 0000000000000000)
FinishedQueue 0 (Data: ; Id: -1; Window ptr: 0000000000000000)
