#true and false
newAnchored 1

#Two Experiment Orders
#First experiment: -1 1 -1 1 -1 0 -1 4 -1 4 -1 0 -1
#Second experiment: -1 2 -1 2 -1 0 -1 5 -1 5 -1 0 -1
#Third experiment: -1 3 -1 3 -1 0 -1 6 -1 6 -1 0 -1
# prompt practiceYTrans prompt realYTrans prompt likert prompt practiceXZRot prompt realXZRot likert prompt practiceAnchored prompt realAnchored prompt likert prompt
ExperimentOrder -1 1 -1 1 -1 0 -1 4 -1 4 -1 0 -1 2 -1 2 -1 0 -1 5 -1 5 -1 0 -1 3 -1 3 -1 0 -1 6 -1 6 -1 0 -1 
#ExperimentOrder -1 4 -1 4 -1 0 -1 1 -1 1 -1 0 -1 5 -1 5 -1 0 -1 2 -1 2 -1 0 -1 6 -1 6 -1 0 -1 3 -1 3 -1 0 -1
#some likert's might ask different questions?

###################################################
#### Remember everything is in ROW MAJOR order ####
###################################################
TransMat1 ((1, 0, 0, 0), (0, 1, 0, -0.100597), (0, 0, 1, 0), (0, 0, 0, 1))
TransMat2 ((1, 0, 0, 0), (0, 1, 0, -0.162214), (0, 0, 1, 0), (0, 0, 0, 1))
TransMat3 ((1, 0, 0, 0), (0, 1, 0, 0.0462889), (0, 0, 1, 0), (0, 0, 0, 1))
TransMat4 ((1, 0, 0, 0), (0, 1, 0, 0.0790811), (0, 0, 1, 0), (0, 0, 0, 1))
TransMat5 ((1, 0, 0, 0), (0, 1, 0, 0.0682012), (0, 0, 1, 0), (0, 0, 0, 1))
TransMat6 ((1, 0, 0, 0), (0, 1, 0, -0.0984451), (0, 0, 1, 0), (0, 0, 0, 1))
TransMat7 ((1, 0, 0, 0), (0, 1, 0, 0.059595), (0, 0, 1, 0), (0, 0, 0, 1))
TransMat8 ((1, 0, 0, 0), (0, 1, 0, 0.180311), (0, 0, 1, 0), (0, 0, 0, 1))

# Rotate: (-0.573037, 0, -0.819529) by 42.3269 degrees
RotMat1 ((0.824916, 0.551838, 0.122423, 0), (-0.551838, 0.739315, 0.38586, 0), (0.122423, -0.38586, 0.914398, 0), (0, 0, 0, 1))
# Rotate: (-0.276547, 0, -0.961) by 11.8407 degrees
RotMat2 ((0.980349, 0.197188, 0.00565488, 0), (-0.197188, 0.978722, 0.056745, 0), (0.00565488, -0.056745, 0.998373, 0), (0, 0, 0, 1))
# Rotate: (-0.7239, 0, 0.689904) by -18.3462 degrees
RotMat3 ((0.975808, 0.217152, -0.0253845, 0), (-0.217152, 0.949172, -0.227853, 0), (-0.0253845, 0.227853, 0.973365, 0), (0, 0, 0, 1))
# Rotate: (-0.629245, 0, 0.777207) by -13.294 degrees
RotMat4 ((0.983813, 0.178717, -0.0131051, 0), (-0.178717, 0.973203, -0.144693, 0), (-0.0131051, 0.144693, 0.98939, 0), (0, 0, 0, 1))
# Rotate: (-0.970006, 0, 0.24308) by -2.98901 degrees
RotMat5 ((0.99992, 0.0126753, -0.000320779, 0), (-0.0126753, 0.99864, -0.0505804, 0), (-0.000320779, 0.0505804, 0.99872, 0), (0, 0, 0, 1))
# Rotate: (0.614454, 0, 0.788953) by -4.29396 degrees
RotMat6 ((0.998253, 0.0590717, 0.00136075, 0), (-0.0590717, 0.997193, 0.0460063, 0), (0.00136075, -0.0460063, 0.99894, 0), (0, 0, 0, 1))
# Rotate: (-0.1661, 0, -0.986109) by -29.3709 degrees
RotMat7 ((0.875009, -0.483648, 0.0210534, 0), (0.483648, 0.871463, -0.0814655, 0), (0.0210534, 0.0814655, 0.996454, 0), (0, 0, 0, 1))
# Rotate: (0.999635, 0, -0.0270338) by 10.6896 degrees
RotMat8 ((0.999987, 0.00501443, -0.000468956, 0), (-0.00501443, 0.982647, -0.18542, 0), (-0.000468956, 0.18542, 0.982659, 0), (0, 0, 0, 1))

# Rotate: (0.0455273, -0.734693, -0.67687) by -9.29945 degrees; Scale: 1 Translate: (0.19882, -0.0119861, -0.128826)
CombinedMat1 ((0.986885, -0.109818, 0.118317, 0.182287), (0.108939, 0.993951, 0.0138927, 0.00795586), (-0.119127, -0.000821172, 0.992879, -0.151584), (0, 0, 0, 1))
# Rotate: (0.676659, 0.73379, 0.0607013) by 22.9313 degrees; Scale: 1 Translate: (-0.193327, 0.0579318, 0.203887)
CombinedMat2 ((0.957157, 0.0155883, 0.289151, -0.125187), (0.06289, 0.963525, -0.260125, -0.00937559), (-0.282659, 0.267165, 0.921264, 0.257956), (0, 0, 0, 1))
# Rotate: (-0.391026, -0.913009, -0.116245) by 17.0467 degrees; Scale: 1.28329 Translate: (0.225951, -0.0521027, -0.0558412)
CombinedMat3 ((1.23553, 0.0638592, -0.340909, 0.294879), (-0.0236029, 1.27391, 0.153087, -0.0802556), (0.346034, -0.141119, 1.22767, 0.016985), (0, 0, 0, 1))
# Rotate: (0.662591, -0.730812, -0.163976) by 20.2335 degrees; Scale: 1 Translate: (-0.189467, 0.0241325, -2.28889e-005)
CombinedMat4 ((0.965383, 0.0268293, -0.259454, -0.182254), (-0.086592, 0.971249, -0.22176, 0.03985), (0.246044, 0.23655, 0.93995, -0.0409302), (0, 0, 0, 1))
# Rotate: (0.793035, -0.273681, -0.544237) by 11.2473 degrees; Scale: 1.28896 Translate: (0.0614261, -0.15672, 0.000984222)
CombinedMat5 ((1.27978, 0.13145, -0.0794888, 0.0579327), (-0.142196, 1.26606, -0.195685, -0.207345), (0.0581203, 0.203059, 1.27154, -0.0270019), (0, 0, 0, 1))
# Rotate: (0.611668, -0.777964, -0.143651) by 43.3874 degrees; Scale: 1 Translate: (-0.215163, 0.170667, -0.237533)
CombinedMat6 ((0.828968, -0.0313612, -0.558416, -0.0510734), (-0.228716, 0.892119, -0.389631, 0.294017), (0.510393, 0.450711, 0.732365, -0.206857), (0, 0, 0, 1))
# Rotate: (0.776851, 0.628155, -0.0438551) by 22.0412 degrees; Scale: 1.36334 Translate: (0.101253, -0.0259941, -0.00486007)
CombinedMat7 ((1.32383, 0.0710603, 0.317985, 0.130649), (0.0261856, 1.30301, -0.400201, -0.0292743), (-0.324774, 0.394711, 1.26389, -0.0492871), (0, 0, 0, 1))
# Rotate: (0.717252, 0.25913, 0.64684) by -14.9478 degrees; Scale: 0.63538 Translate: (0.042703, -0.0533082, 0.148831)
CombinedMat8 ((0.624941, 0.110006, -0.0324936, 0.0159866), (-0.102014, 0.615323, 0.121154, -0.0191267), (0.0524438, -0.113946, 0.622875, 0.101017), (0, 0, 0, 1))



#Tetra translation matrices
#TransMat1 ((1.0, 0.0, 0.0, 0.0), (0.0, 1.0, 0.0, 0.3), (0.0, 0.0, 1.0, 0.0), (0.0, 0.0, 0.0, 1.0))
#TransMat2 ((1.0, 0.0, 0.0, 0.0), (0.0, 1.0, 0.0, -0.2), (0.0, 0.0, 1.0, 0.0), (0.0, 0.0, 0.0, 1.0))
#TransMat3 ((1.0, 0.0, 0.0, 0.0), (0.0, 1.0, 0.0, -1.0), (0.0, 0.0, 1.0, 0.0), (0.0, 0.0, 0.0, 1.0))
#TransMat4 ((1.0, 0.0, 0.0, 0.0), (0.0, 1.0, 0.0, -0.5), (0.0, 0.0, 1.0, 0.0), (0.0, 0.0, 0.0, 1.0))
#TransMat5 ((1.0, 0.0, 0.0, 0.0), (0.0, 1.0, 0.0, 0.5), (0.0, 0.0, 1.0, 0.0), (0.0, 0.0, 0.0, 1.0))

#Tetra rotation matrices

#RotMat1 ((0.0, -1.0, 0.0, 0.0), (1.0, 0.0, 0.0, 0.0), (0.0, 0.0, 1.0, 0.0), (0.0, 0.0, 0.0, 1.0)) #Rot Z by 90
#RotMat2 ((0.0, 0.0, 1.0, 0.0), (0.0, 1.0, 0.0, 0.0), (-1.0, 0.0, 0.0, 0.0), (0.0, 0.0, 0.0, 1.0)) #Rot Y by 90#
#RotMat3 ((1.0, 0.0, 0.0, 0.0), (0.0, 0.0, -1.0, 0.0), (0.0, 1.0, 0.0, 0.0), (0.0, 0.0, 0.0, 1.0)) #Rot X by 90
#RotMat4 ((0.0, -1.0, 0.0, 0.0), (1.0, 0.0, 0.0, 0.0), (0.0, 0.0, 1.0, 0.0), (0.0, 0.0, 0.0, 1.0)) #Rot Z by 90
#RotMat5 ((0.0, 0.0, 1.0, 0.0), (0.0, 1.0, 0.0, 0.0), (-1.0, 0.0, 0.0, 0.0), (0.0, 0.0, 0.0, 1.0)) #Rot Y by 90

 #Tetra Anchored Experiment
 
#CombinedMat1 ((1.0, 0.0, 0.0, 0.32), (0.0, 1.0, 0.0, 0.0), (0.0, 0.0, 1.0, 0.05), (0.0, 0.0, 0.0, 1.0))
#CombinedMat2 ((1.0, 0.0, 0.0, 0.0), (0.0, 1.0, 0.0, 0.0), (0.0, 0.0, 1.0, 0.0), (0.0, 0.0, 0.0, 1.0))
#CombinedMat3 ((1.0, 0.0, 0.0, 1.0), (0.0, 1.0, 0.0, 0.0), (0.0, 0.0, 1.0, 0.0), (0.0, 0.0, 0.0, 1.0))
#CombinedMat4 ((1.0, 0.0, 0.0, -1.0), (0.0, 1.0, 0.0, 0.0), (0.0, 0.0, 1.0, 0.0), (0.0, 0.0, 0.0, 1.0))
#CombinedMat5 ((1.0, 0.0, 0.0, 0.0), (0.0, 1.0, 0.0, 0.0), (0.0, 0.0, 1.0, 0.0), (0.0, 0.0, 0.0, 1.0))

LikertQuestions I_like_puppies Cacti_rule_the_world
LikertAnswers Strongly_Disagree Disagree Neutral Agree Strongly_Agree
