#true and false
newAnchored 1

#Two Experiment Orders
#First experiment: -1 1 -1 1 -1 0 -1 4 -1 4 -1 0 -1
#Second experiment: -1 2 -1 2 -1 0 -1 5 -1 5 -1 0 -1
#Third experiment: -1 3 -1 3 -1 0 -1 6 -1 6 -1 0 -1
# prompt practiceYTrans prompt realYTrans prompt likert prompt practiceXZRot prompt realXZRot likert prompt practiceAnchored prompt realAnchored prompt likert prompt
ExperimentOrder -1 1 -1 1 -1 0 -1 4 -1 4 -1 0 -1 2 -1 2 -1 0 -1 5 -1 5 -1 0 -1 3 -1 3 -1 0 -1 6 -1 6 -1 0 -1 
#ExperimentOrder -1 4 -1 4 -1 0 -1 1 -1 1 -1 0 -1 5 -1 5 -1 0 -1 2 -1 2 -1 0 -1 6 -1 6 -1 0 -1 3 -1 3 -1 0 -1
#some likert's might ask different questions?

###################################################
#### Remember everything is in ROW MAJOR order ####
###################################################
TransMat0 ((1, 0, 0, 0), (0, 1, 0, 0.0778298), (0, 0, 1, 0), (0, 0, 0, 1))
TransMat1 ((1, 0, 0, 0), (0, 1, 0, 0.176984), (0, 0, 1, 0), (0, 0, 0, 1))
TransMat2 ((1, 0, 0, 0), (0, 1, 0, -0.122539), (0, 0, 1, 0), (0, 0, 0, 1))
TransMat3 ((1, 0, 0, 0), (0, 1, 0, 0.210311), (0, 0, 1, 0), (0, 0, 0, 1))
TransMat4 ((1, 0, 0, 0), (0, 1, 0, 0.220153), (0, 0, 1, 0), (0, 0, 0, 1))
TransMat5 ((1, 0, 0, 0), (0, 1, 0, -0.105174), (0, 0, 1, 0), (0, 0, 0, 1))
TransMat6 ((1, 0, 0, 0), (0, 1, 0, -0.195219), (0, 0, 1, 0), (0, 0, 0, 1))
TransMat7 ((1, 0, 0, 0), (0, 1, 0, -0.149243), (0, 0, 1, 0), (0, 0, 0, 1))
TransMat8 ((1, 0, 0, 0), (0, 1, 0, 0.0981094), (0, 0, 1, 0), (0, 0, 0, 1))
TransMat9 ((1, 0, 0, 0), (0, 1, 0, 0.0673162), (0, 0, 1, 0), (0, 0, 0, 1))

# Rotate: (0.589343, 0, -0.807883) by 19.4148 degrees
RotMat0 ((0.962887, 0.268545, -0.0270738, 0), (-0.268545, 0.943137, -0.195901, 0), (-0.0270738, 0.195901, 0.98025, 0), (0, 0, 0, 1))
# Rotate: (-0.11275, 0, 0.993623) by 22.2967 degrees
RotMat1 ((0.926182, -0.376984, -0.00837642, 0), (0.376984, 0.925232, 0.0427779, 0), (-0.00837642, -0.0427779, 0.999049, 0), (0, 0, 0, 1))
# Rotate: (0.562224, 0, -0.826985) by 11.5989 degrees
RotMat2 ((0.986034, 0.166273, -0.00949471, 0), (-0.166273, 0.979579, -0.11304, 0), (-0.00949471, 0.11304, 0.993545, 0), (0, 0, 0, 1))
# Rotate: (-0.379725, 0, 0.925099) by 34.2885 degrees
RotMat3 ((0.851271, -0.521164, -0.0610489, 0), (0.521164, 0.826212, 0.213922, 0), (-0.0610489, -0.213922, 0.974941, 0), (0, 0, 0, 1))
# Rotate: (-0.766079, 0, 0.642747) by 41.2555 degrees
RotMat4 ((0.897453, -0.423839, -0.122224, 0), (0.423839, 0.751777, 0.505166, 0), (-0.122224, -0.505166, 0.854323, 0), (0, 0, 0, 1))
# Rotate: (-0.789689, 0, 0.613508) by 33.7995 degrees
RotMat5 ((0.936386, -0.341287, -0.0818821, 0), (0.341287, 0.83099, 0.439294, 0), (-0.0818821, -0.439294, 0.894604, 0), (0, 0, 0, 1))
# Rotate: (0.769825, 0, -0.638255) by -28.9533 degrees
RotMat6 ((0.949085, -0.308977, -0.0614109, 0), (0.308977, 0.875015, 0.372669, 0), (-0.0614109, -0.372669, 0.92593, 0), (0, 0, 0, 1))
# Rotate: (0.207446, 0, -0.978246) by -40.489 degrees
RotMat7 ((0.770836, -0.635178, -0.0485963, 0), (0.635178, 0.760531, 0.134695, 0), (-0.0485963, -0.134695, 0.989695, 0), (0, 0, 0, 1))
# Rotate: (-0.763113, 0, 0.646265) by -17.5247 degrees
RotMat8 ((0.980615, 0.194602, -0.0228896, 0), (-0.194602, 0.953587, -0.229786, 0), (-0.0228896, 0.229786, 0.972972, 0), (0, 0, 0, 1))
# Rotate: (0.192415, 0, 0.981314) by -28.4396 degrees
RotMat9 ((0.883788, 0.467332, 0.0227868, 0), (-0.467332, 0.87932, 0.0916343, 0), (0.0227868, -0.0916343, 0.995532, 0), (0, 0, 0, 1))

# Rotate: (-0.13351, 0.947213, -0.291482) by -16.4643 degrees; Scale: 1 Translate: (-0.191176, -0.0664617, -0.247681)
CombinedMat0 ((0.959727, -0.0877966, -0.266861, -0.111545), (0.0774258, 0.995785, -0.04916, -0.0688075), (0.270053, 0.0265183, 0.96248, -0.291778), (0, 0, 0, 1))
# Rotate: (0.115405, 0.93307, 0.340678) by 30.2555 degrees; Scale: 1 Translate: (-0.241272, 0.145016, -0.0317316)
CombinedMat1 ((0.865601, -0.156986, 0.475489, -0.246699), (0.18632, 0.982377, -0.0148485, 0.097978), (-0.464779, 0.101446, 0.879596, 0.0989383), (0, 0, 0, 1))
# Rotate: (-0.914719, -0.379827, 0.137913) by -37.0742 degrees; Scale: 1 Translate: (0.069483, -0.0523011, -0.143338)
CombinedMat2 ((0.966992, 0.153373, 0.203477, 0.030002), (-0.0129087, 0.827019, -0.562026, 0.0364087), (-0.254479, 0.540848, 0.801701, -0.160883), (0, 0, 0, 1))
# Rotate: (-0.110728, 0.410421, 0.905148) by 17.4533 degrees; Scale: 0.596042 Translate: (-0.0324488, -0.23912, 0.131222)
CombinedMat3 ((0.568937, -0.16306, 0.0706207, 0.0297966), (0.160566, 0.573223, 0.0299888, -0.138344), (-0.0761212, -0.00960082, 0.591083, 0.0823289), (0, 0, 0, 1))
# Rotate: (-0.279313, -0.938036, 0.205115) by 22.8077 degrees; Scale: 1 Translate: (-0.0107654, 0.117855, -0.0802561)
CombinedMat4 ((0.927911, -0.0590247, -0.368099, 0.0125965), (0.0999965, 0.99061, 0.0932288, 0.10819), (0.35914, -0.123317, 0.925101, -0.0926447), (0, 0, 0, 1))
# Rotate: (-0.289984, -0.24991, 0.923826) by -32.022 degrees; Scale: 1 Translate: (-0.211913, 0.198714, 0.170927)
CombinedMat5 ((0.86064, 0.50088, 0.0917521, -0.067166), (-0.478827, 0.857348, -0.188891, 0.23955), (-0.173275, 0.118634, 0.977702, 0.227409), (0, 0, 0, 1))
# Rotate: (0.856088, -0.500722, -0.128025) by -18.5934 degrees; Scale: 1 Translate: (0.101039, 0.0581606, 0.176222)
CombinedMat6 ((0.986058, -0.0631948, 0.153935, 0.123082), (0.0184469, 0.960892, 0.27631, 0.106442), (-0.165376, -0.269618, 0.948661, 0.134784), (0, 0, 0, 1))
# Rotate: (0.225563, -0.264772, -0.937559) by 16.2445 degrees; Scale: 1.18307 Translate: (-0.0568941, -0.00757622, 0.0330897)
CombinedMat7 ((1.13824, 0.307462, -0.097614, -0.0703184), (-0.313103, 1.13914, -0.0629247, 0.00710117), (0.0776369, 0.0863743, 1.17735, 0.0338867), (0, 0, 0, 1))
# Rotate: (0.0125916, 0.928078, 0.372173) by -21.7198 degrees; Scale: 1 Translate: (-0.0922346, -0.22618, -0.0392087)
CombinedMat8 ((0.929016, 0.138559, -0.343119, -0.103573), (-0.1369, 0.990155, 0.0291819, -0.212471), (0.343784, 0.0198624, 0.938839, -0.0730119), (0, 0, 0, 1))
# Rotate: (0.394486, -0.695796, -0.600208) by 13.7115 degrees; Scale: 0.839183 Translate: (-0.178175, 0.177763, -0.217864)
CombinedMat9 ((0.818989, 0.112826, -0.144067, -0.09448), (-0.125954, 0.826845, -0.0684815, 0.184344), (0.132741, 0.0884568, 0.823883, -0.187421), (0, 0, 0, 1))




LikertQuestions I_was_able_to_be_precise. Please_rank_the_level_of_difficulty_to_perform_the_gesture? How_comfortable_was_performing_the_gesture? The_interaction_technique_was_often_frustrating. I_find_it_easy_to_get_the_interaction_technique_to_do_what_I_want.
LikertAnswers Strongly_Disagree Disagree Neutral Agree Strongly_Agree
